228
94
388
112
220
381
265
14
270
301
120
466
413
87
172
445
73
44
32
347
435
381
99
463
347
186
28
429
283
478
67
140
344
436
243
449
281
190
164
362
61
126
488
56
74
188
113
459
250
134
140
403
282
299
11
312
354
67
157
158
177
207
64
342
37
192
372
341
267
171
315
323
493
374
227
310
121
286
38
347
475
285
421
198
470
263
401
475
391
32
183
340
339
143
113
474
389
478
239
111
295
118
266
348
285
144
280
221
400
114
151
410
95
20
446
51
158
440
426
86
345
12
180
366
412
242
369
91
67
105
424
261
97
395
111
70
258
168
86
245
198
70
231
127
69
265
158
444
39
326
435
170
10
155
37
259
484
342
184
493
64
453
453
233
278
469
141
417
89
449
327
432
243
215
365
229
236
259
285
340
446
413
213
124
453
442
269
102
208
128
132
51
34
288
138
59
3
393
357
115
458
368
132
277
181
95
422
76
360
100
1
412
143
169
404
171
58
12
86
220
269
53
57
121
477
7
405
404
30
373
210
470
20
434
320
401
139
154
450
374
267
455
475
500
416
5
352
479
147
288
393
84
442
300
246
10
65
396
273
460
297
189
346
464
81
375
1
410
219
192
65
135
329
195
122
330
351
209
492
287
455
301
58
415
95
414
404
236
398
180
126
86
468
479
67
144
16
17
496
380
435
167
467
231
369
75
30
342
446
107
310
393
265
449
131
292
265
77
362
365
57
409
195
26
36
161
93
38
214
489
477
39
64
156
412
121
397
376
98
33
119
245
32
448
313
163
491
386
39
493
339
3
396
159
181
156
155
476
108
193
349
20
25
348
105
378
356
306
27
382
251
306
149
243
12
33
486
9
296
214
102
263
141
24
369
140
488
339
336
187
61
435
152
17
299
452
443
45
268
187
397
115
24
235
284
343
185
216
134
398
480
378
436
76
450
313
385
112
188
150
414
490
394
113
374
130
317
50
435
234
113
8
366
52
172
57
29
491
204
435
38
344
499
30
233
361
61
466
348
299
23
268
280
292
467
246
96
236
388
368
180
135
493
421
52
209
336
87
309
347
379
91
445
292
205
323
418
173
469
296
358
309
194
429
66
321
469
83
291
158
12
240
4
342
161
348
304
174
169
305
